A2
0,0
0,1

A3
0,0
0,1
1,4

B2
1,0
1,1

B3
1,0
1,1
0,3

C2
2,0
2,1

C3
0,2
2,0
2,1

C4
0,2
2,0
2,1
3,2

D2
1,2
1,3

D3
0,4
1,2
1,3

D4
0,4
1,2
1,3
3,0

E2
4,1
4,2

E3
2,4
3,3
4,1

E4
2,4
3,3
4,1
4,2

F2
4,3
4,4

F3
2,2
3,1
4,3

F4
2,2
3,1
4,3
4,4

G3
2,3
3,4
4,0

H2
1,7
1,8

H3
0,5
1,7
1,8

I2
3,5
4,7

J
0,5
0,6
0,7

L
1,5
1,6
1,7

X
2,5
2,6
2,7

N
3,5
3,6
3,7

P
4,5
4,6
4,7

Q
0,2
0,3
0,4

K
1,2
1,3
1,4

R
2,2
2,3
2,4

M
3,2
3,3
3,4

O
4,2
4,3
4,4

X4
2,5
2,6
2,7
2,8

S3
0,8
3,8
4,8

U3
0,6
0,7
1,6

U4
0,6
0,7
1,5
1,6

V2
3,6
3,7

V3
3,6
3,7
4,6

V4
3,6
3,7
4,6
4,5

S3
0,8
3,8
4,8

S1
0,8

